01011111
00000100
01101000
00001000
10101010
10001101
10001000
11111111
11001000
01011100
10101001
01001110
10010011
01100100
00000000
11100001
11110101
01001110
11010100
11101111
11001001
00100100
00100101
00100011
01110101
11110000
11100011
10010111
01111001
11001100
01101001
01000000
00110000
00101101
01000100
10110110
01110011
10001010
01111011
10001001
11110111
10001101
11010101
10010000
01111100
01110011
11011001
11010110
00101000
01011001
10000000
00011110
10111000
10001000
11100101
00010111
01010100
00000111
01010110
11000011
00100100
00001000
10011000
10101001
00001010
11110010
01001010
11001011
00011000
00011001
10110101
10000010
10011101
01110000
01101110
10111010
11100100
10111110
10011100
00101000
00001000
00101001
11001101
01110100
01110010
00011001
10100010
01111101
11011110
11001000
11001001
00100111
00000101
00000101
11111100
01010111
01001000
11111000
00010000
00010011
11111000
11110110
00111100
11101010
00010011
10101101
00100011
00010111
10011010
00110100
01011010
00000010
11010011
11001011
01100011
00010110
00011000
01011101
01010101
00001100
00010001
00001001
10111011
00100101
01101111
00111101
01011000
11101110
