1011100110100000110111011100010001001010101110000110100010110100
0100111001011000101001101110001111110010010110011100010101111001
1100110111110000111001101110010111101110010010101001111010110111
0000110111101001001010000110010010010100011111100111101110010100
1110101110111101100111011111110110000101111000011000001110110001
1100000010011001010000100000101100111000010111101011001010011001
0101100000001011010100001010011010001001010000000000001010000010
1001100011010010111111011100110010000101100000100000101000100001
0110010111001110000001100010010100101010000001011100011010101011
1011001100100010001010111111001001011001110011010000000111000110
0111000110000000001010001010010100000100110111000110101000111111
1101100010011010100000100011101100001011000001001110011011100111
1010000000000010110111001100101100010001110110101111100111111011
1011110001001110110100111110100011100010010111000001011111011101
1111100000000000001110010000111011001101011011011110111101110101
1100011111010011110000001000010100111010111101011011110111100111
1010011110110101101000110001011110100010100000011001100001000010
0001101001011000011100000000001001011000010110000001111001000110
1110110110110111000001000110100101111100110100010010010011010001
1110101011000011010100000001110110101001101010001011110000000110
1001100001010011100010011011000001010110100110100000000111011011
0010100011110011011110011110000100100011100011001011111110110001
0001101111001100001100100001001110011000010100001100101000000010
0110001101011101111011110001010001110110001100100010111010010010
1010111101100000111111011001111111110110100111100001001101000110
1011111011011100111100101100010011010101110100111011110011111000
1001001100011110110000001010011011111011001010111111111110011010
1111111001101000010110101011100101110000101111110110101111101000
0001001101011111100111101101101100011101110111011011010011000000
0111000111101111111010000000000101100100111110010010100100011100
0010101110010110110000110001101010110111011001100000000011000011
0110101100010001111111001000000001100010010011111001011010111111
0101111001001100111111111101100011101101111010001001000110110000
1011000000000111100000100011111001100100000000111011101001100100
1111111111010010100100110101011100100100101011101100011010010011
1000011110101011100010010011001011111000101111100100011100000101
1101101100111001001100101110101111101011010100101011111111001001
0100101100100110001111110010100010011110011110000010011010110000
1000100110001011100100100011110001000110101011011001011110000101
1000011110110011101111001101011000000101101110011010011111010101
0011100111101011101101000111110001101010111011111111101000110000
1001101001110001011011011001001010010110001101111110111111010010
1011011100001010101001110010100000110001001110100010111000011000
0101011010110001111100011011000101101101101101001011010110111001
0001000111001110100001000101001110110111011111000001110101001101
0011100100101111100001100000001101000111110111100111100110010011
0100001001100111011010111100100000000011000111011000100000100001
1001110000001111000000010101101100000001011101001011001110000101
1000110111111000111100101111011101101011000010110110010111111111
1100110000100111111111110000010110111111000110101011100100001001
1101110101011101010110100101001100001101110001111011110111101010
1101111111000110100100110111011011101010111110001011000011111011
0010001011000010111110010111111101101000000101010110111011001111
0001011110100101110101111010111110010011100111101001001011000101
0000101110000110011101100011001110100111010110111100111100011011
0100111000000000001100001010011011100111101111101011100011011000
0100100001000011100010000000011111110110110010010101111001101011
1001010110011110011110111000010100111011101010110010101010000101
0001010011000011101010101111111101011000001000101110010001101111
0010001011000010101000000011110010110101010001100000011101110000
0010111110101010000111011011010000100101011011100011000101110100
0011000001011111010001011101000110110000110001010100011111010110
0011011010010111101001100100010111000100011101011100010010100001
1000100000001011000000001011011011001011100001011001111000011111
1001011001010100110111101111110101000000110101101101111110011100
0001000101001010100110001101011100101011100010100111101110111111
0010011010101000101011001101001100100010011000111110100000011011
1010000110010100111100111111000000101000010111000101110010100000
0001000101110010000000111000101111101110011011011010100110011011
1101100111101111111110101110011110110001001111010111101111011010
0010010000111000000011110111011011110101110100100010001110101000
0100000010001111001101010010100000011110000000111010010001111001
1011100001111001000111110110011010011000101000010000000111000110
1111111001010010100111000100011010011001000011001111100110000010
1111101101111111010101000101011001011010001001011110011111101000
0101011000010001000011110010110011100101101000010100101101000010
0011100011000101110011011110101011110010111001110110100000001000
1010010110011101001010000111011101000110000010110001011110001000
1100010111010011110110011100101100101000100111110111000010110011
0010100111001101010001101101001111010111100011110100011100010010
1000010101110010010100100101110111001100101001010111111111111001
0000001011011100111100000110110101011110000111010001000000110001
0000100000000011111010101010111010101010100011001000000010000000
0000001011000001001010010010011010100010110010110100010001001000
1000110000110011011100101111101110110101000011001110110001010010
1101101011001011111110110110110111110001000000111010101111101000
1101100010110101001110011100101100110110101101001001100101000111
1000110100111010011001110010100101001100001101111010001000001110
1001100011111111101110001111000110000110100000000100100111010011
0010111101110010011101011111111101100001010010110000100011011000
0001101000111000101110010000100100011101001001011011010011100001
1010000100110001011110111000110011111000001001001001101111101110
1110110101101100101111100010111100001101000110100011100100110110
0110010101111100000001000000111110010101100010111011010001101011
0010000001110100010001000100010101000001100111110011111110101011
1010010010110101001001101100001001110011111011110000011001001000
0100100110110001010110011000110011011110011101110000011010101101
1110011111100111101101100101000010001111010111111011101101000000
0100011011001100110101001010000111110110011001100011000101100110
0010101010100101100001100010001000011110101110101111111101000100
1111111001100001101110001100011111011110110111111110100101100010
1001010110010111101110111000000010000111001100110000100011001111
0011110101001010100000101000010001011001111111100000011001110011
0101101001110000000010110111110000000001110111010000111110100000
0111110101110101110001101000110001000001111111000100101001010101
1110110101000101000101000000110110111111011001010010010110011111
0111111100100100111101110100101001010000000101000100001000110011
0100001101011011001001101001110110101000010100101110011011000111
0110010010110010110010000110111110010110000001010000111010110111
0101011011111011101001111010000011101001110101010000011100110011
1111011010000010000110001111011000100101000101010111100110101000
0010100001011111001000000111110011011110100011111110000101000011
1010000111000111011101100111011100010101101101110111010010001110
1111101011101000010101000101011101100010100011000000011110111100
1111010010111001000001011000000111101101110100110100111000101011
1010010001100001100101110001100110000011000011001011000010110110
1101000101001101000101000011001100010100010011110011001001100011
0000111011000001001011101010110100011111001010010101101100011010
0001001101001000100100111001011100010011111011100101110011101000
1101100010101010100011110001010111001111010010010110010010101101
0100011011100111100011110100001001000100110100101110000101111010
0001100011000100011111001101101101111000001111000010101110110011
1110010100100000001111101110110001011011000111000100111011111010
0010100001111111101100110100100110101111101100101101100010010100
1110000011000011000100110001000010101111110111000001001111011000
1111001001101010101010001100000110100111001010000100000000111101
1001011011101001000000010101111010001011001101100010000110110111
0010101111110111100110000001000000101011011010000011101100111011
0000101101001101110010100001111010100011110111100110000011111011
0000011110010011001000111100001110001100000111011101010110111011
1011011110100001010001111101000111011011001111111111001001100011
0101011110001110101010111110110001111001000111111001000101000110
1010010111101001101000011100001101010100111100101110111100100101
0010110110101111010101011000100111111001101000110110001010011101
0111110100000000000101100110111100011101110100010100000100000111
0101110110100111100011001110101110101001011101100101000001010000
0000100110101010110110001111001111101110011010100101111001001110
0111010011110011001101001010011001000001111111011101110011110000
1110100010000011111101110111110000011100101000101111000110000111
1010110111110001101111011110001011110110101010011000001111111000
1101110111100110110101001111001011111100111011100101000111001000
0111010010010011110000010100011011111011110100101010110011110000
1011110111101100000010101111000101110101101010000110100010101011
1010011010000000100101001110001001101011101101010000001011010100
1111001000011000000010011000000011100111111011100001001010111100
1110100100001010101111100100000111000101001001010111001110100101
1000110111101101111101010111010100111000100011010010101011000111
1010101111011101101010111110101101011110010111110010110010011010
1010100110110101100111101101000000110100100001001100000110100110
1011101111100000000011101001010000011011101010010111001111110100
1000100000110100101000100101101110001110101010010100101110000100
1100010010101100000100000000011011011111101100000011100100011101
0001001000110010100110001110111111100101101000011010010110011011
0001011101000101010101111011100010111111111101110100011000101101
1101101100110111110100011000001010001100001011101011000011110001
0101110001000010011111000100011011010111010011100010101011011010
1100111110011001001100010011000101010100000111010000111111111100
0010110111001100011010010001010010000000001111000010100110110010
1101110101110011101111110101111010001001010000001011101100101111
0010100111101010000011110011011110101110110111100111010001101001
0001111101011011011100110001111110110101000110001111110000111101
0010011010101100011001100110001100000010100010100110101111010110
1110001101000100011111110110010110101001110101000011100001111111
0101100111000101110100101110110001001111000100110111101111110001
0001110100100011001110000011000001010011100001111010010100001111
1000001100100000011001111010110010100111100111011011110010011001
0011101100101011000011001011010001101100010001001010110110111000
1110010000001000111001101100000010100111100001011000101011100010
0110010101110011010111111011110111100110100001010101110000000101
1110001101101000001001111101100110100000110000111111010000100011
1101010110001101011011111101010011110000001101001101011010111001
1111011011000011001000010000001100010010010101111110111011111111
1000010110111100010110010000011000000010110111100111110001000000
1100001111101010010111101101111111001010100000010000010101111110
0111000010011111101110100011011111110001101100100100011001010111
1101100101001101100001101111011111010100110101100101010110111010
1101110111011111111010100100110101111001101000101000011101011110
0101011001111011110111101010011110111111101010110001011000010001
0011110001101001001111001011011111011110010001001111001100100100
1110100001001011000011010111000100100010100100101110000011001001
1001111101111100011000100001000110001111011111000000001100000011
0010110011001010110100010001101010101100111000001010011101111001
