1011100110100000110111011100010001001010101110000110100010110100
0100111001011000101001101110001111110010010110011100010101111001
1100110111110000111001101110010111101110010010101001111010110111
0000110111101001001010000110010010010100011111100111101110010100
1110101110111101100111011111110110000101111000011000001110110001
1100000010011001010000100000101100111000010111101011001010011001
0101100000001011010100001010011010001001010000000000001010000010
1001100011010010111111011100110010000101100000100000101000100001
0110010111001110000001100010010100101010000001011100011010101011
1011001100100010001010111111001001011001110011010000000111000110
0111000110000000001010001010010100000100110111000110101000111111
1101100010011010100000100011101100001011000001001110011011100111
1010000000000010110111001100101100010001110110101111100111111011
1011110001001110110100111110100011100010010111000001011111011101
1111100000000000001110010000111011001101011011011110111101110101
1100011111010011110000001000010100111010111101011011110111100111
1010011110110101101000110001011110100010100000011001100001000010
0001101001011000011100000000001001011000010110000001111001000110
0101110011111000101100111011010100010100010100011001001010000111
1001000101101000110100100111001001101100100110101101101000101001
1010001101011011111111010001110111001010010100111010110101011001
1101111011100111011110010110111011101100101001010011001111101110
0100110111101011011100000001000100011100001011110110111101100101
1000101110111010010110001100110110001000000100011101011100000100
0101000000010011110010100101001101110010001011010001011100101110
1101101111011110001010011111111110111110110110101000001111100100
1111010101010101110101011011100110011101110010100000001111111111
0111010011111100111100100110000000011101001011110011001000000111
0110110111100011000000010110000010000101111000101001111011000111
1110111110000010010111010101000010011001101001000101010011100110
1101110110110111001001100111110110101011000000000000100111001001
1000100011011110100101101111110010000110010011001111101101111001
1100000100110100111000010100011111001001010110100100101011101001
0010110000100100110100010100111110011110011101100000010010111111
0100001111110111110011111111001110001011000000111111011110110111
0101011000111001001011110000010101100101000111011111000111101000
1010101100101000101011010000111100111101001100100010011001000011
1101000110000010100101001111011111011110000000010001111000011001
0110100011000101110010001100010111101111000100110101101000110001
1101010110010110000100110011110010000011000101001000011010001101
0111100001000000011000001110110100000111111100100111001001011100
1110101101100101110111011111100001001111110100011010110111101111
1010000111101011101000001010000000000111001000000110001101100110
0011010011110101001011001100010111011000110111100010100001111011
1010011000010110010101011101010100000110110111101101111100100110
0101111100111001110010000110011010111110010100111010011001110010
0101010101100101100110000000110100111101111011001100011101101000
1000110110000100011011011010101100111101101101011110101111110111
0000111011111100011010010010000010000100010100011001100001010000
1000111010000110111100110011101001101010000011011100110000000000
1001000011000110100100111111010001100111110110011000010011001100
1010110100100010010001100110100001011100010011000000101001001100
0101111010101000101010010100000010100111110110000011111001101100
0000000110111010111100000001011010000100000010110100010011111000
1001101001011011011100000100000110010011110111101101101000001001
0100101100111011000111001010111100001101011010000001010011111100
1110010011101101000101100111011111110010011101100010011110001111
1010101110110110110100110111100001001101000111110111000000001101
1010000111110111110010111110100001011101010011011111101010001011
0001110111101101011010011010011100111010101111010111010010010011
1001110110100110100100111111110011110001100110010110001100001001
0011110011000011111100001010011111010010010000110101111010110111
1010000001000111101101000001001100001110110000111011011011101100
0100000101100001001011110000110110111000010010010000010000001011
0111110000111110100011111000111101111111110101011101001100101101
1010011100100000110001101111000111110110010100100010100010001100
1110111111010000010111111101001100010000010101100000101000011100
0100110100011010111100110111011110010011110010111011101000001001
1001011011111101000000111110011010110101010011111110001010001101
1100010111001101000000010110001001100111001000101001010100101110
1001000110001001111011010010110100010110110101100010111110110001
0001001101001111100001000000011011101000011011000001100000100011
1101010101111000101101111100110000011011111011011001011111000000
1100000000100001111111000111110001110011110001000101010100010110
0110100111001111101101010110011000110101011011011101110101111110
1000011011011111101000001001111010010110110111001110001101000010
1111110110110100101100110100111001101000100000000101100100001100
0000001100111000111100100001101111011011001110100100111011011111
1100110101101001101001001010010010000111011011010111111000000111
0100000001010011001111011110110100011101110110001001100001011001
1010011011000000110000101000111001000100011001111111001101111100
1001111111101011100011111011010101100100111000111001011110111001
0110110010110011100100110111111001101111001110110010101111110101
1110101011010100100111110101110011010100001100111011110010101110
1101110000011111101101111100010001100000011011110100010110100110
0001111001110100100010110100110000010010110111111001011111010111
1111010011000111100100110010011011010010111011010001001111111011
1110101101010100100000001111110101000111111101110110000100100010
0000111111101011010000111100100001010001011001000001100000010111
0000100010011011000010101100010101100011011111111000001101100001
0010100100110001110010100110101111010110001100100101010001100100
0001111001010100000001011010001000110101000001010001100100101110
0110100111110011001111010100001100101111100110100111011101101000
0100111000100000100010111100010001100100010111100110111101110011
0001110010010101100010100101100111110110111101010001010001001010
1001111000011101110001101110101001011101110100011001011010000011
1011100101000100010000010100001011010101000100010010111001000101
1011111000001000001110100010111000110011111011110110001001010000
0010110000001110101000111100101101000100010001000100000111001011
1001111010101001100001010110100000101010000110011110111010111100
0100001101010111001011001110011100101010101101110100111101111101
0111001000110000010001100000010010011101110011010101011111101000
0110011000101101000110110100000100110001000000111011010111001010
0000001001111011100011011111111100001101001001110101000101011101
1000001011111010101110110110111100111110111011010110010110101100
0110010111001011011011011001111111111000100001100001100010011010
1110100110001101000111011111010010010000001000101010001110010011
1100001001001011000011010111001000001000011010111100100001011011
1011111011010010010010011111010001101001010110110111110011011000
1000010110000100011001110100011010001100000011100111100000010100
1011011100101100101011001101000101011001011111111101110001010010
0011111010101100100100010010011000010110110010101101100100100101
1001110110110010011111011000010110101000010110000110100101111110
1011001011000000110001110011010101011010001110111101001110001001
0000011001101100100101011000001111100001010010100100000010100111
1011100011010110101110110101100010101001010010010011010110000101
1001110011110111101101110010101010111000011100100100001111101100
0010000110110011001001110001110000100110001000100111011001010111
1110010100100100011111100000010100000011111000000000000101010111
0010000100010011010011100111000010001000010010011110010110101011
0001000110001001110111000101011000000010110110111110110101001011
0110101010001000110101101101010000001010110110111001011011000001
0001011100000101010110001110000001100100100001011100100001011000
0011011111010101110100011101110101010010111101000000000000101000
1001001010011011101001110101110010100100010001010010000010110110
1101010111001011011100010100000001111010000011111100100101110000
1011111001100011001111000100000101000000001011011110100011101001
1111001000010100111101111010101010010010001100111110011001001100
0101101010001100000110100000010101001001111010110001011011010111
1101001000011010001100100110011001001110111101100110011001100110
0110001111001011111001101001111111111100010101011010000100110000
0101011001010010100010101111111110101101010001010101111100101110
0101100101011000101010100100000001101100000001010110110001111110
0001001010100111100010001010001001111010001111001111010010000000
0001110011000101100100101101110101001000010100011011010111010110
0101011010010000111111001011110000111100100101001100101100111110
1000001001010010110110001010111111111101011011000011000101110010
1001011100011001011011000111111110100111100110011111100011001110
1101111000000011000111100001111111010110100111110001111101001010
0000111100010001111110010010011111011011001101010100001010101010
0000101001111011001111000111111111111100111110101110111011100010
1010000101011010010010001010101011011001111001101101101110000011
0000010100101110101101111110000111000111101101101000011101100110
1110111001011010101111001011100111101010100100010010011000011001
0110000001000100010101011110100101100011010010001011011100000011
0010011010100011001100101100011000001111111010101011110101001000
1110101010010111011000111110000111111111100011010100110001010010
0101011110001101010000010110000000010010000100111011111001011100
0000100000101000001011100110001000111001101111100011100011011100
0000110101010000100000001010000110111010110100010111110100101000
0000000100000101100110101101001010111000010011001011001001110010
1100111100000111010111110011100101100101001101100101011011111000
1111011011101011000100101010001111001111101111010100110001110010
1010010000100100101110001110110101111010001110010010000110110011
1100101011100001010001101100101011110101111111000010010010111100
1110100011110111011110110100100010010100100111100010101010011100
1111110111100010010100100001001001011100001001010111110110111110
0101010100110010001100100001011110111011101111111011011110111110
0011111000011010110110011111011100000001001100110010000110100101
0000001101000111101101011101000011110100011100111010111010000011
1001101110010101000101011010101111000001011110010011110110011111
0011000111001010110101011001100001101001100111010100100101000001
0111111000100000011110011101010000110101101100101011100000110110
1000101011000000010100011100101100000100100000000111001111001110
0110100011011010100110111101001011110010100000011110101010001010
0000111100111001110000011101011001101011110111011101010100100110
1001101011100100110110011101100000011111000110011001101010110100
1101110101110111001110010101111110100110000011101011001000000011
0001001010000000100101111011011101011100001110011001110111000001
1101010110100000010110000000100010001100001011110000111000010111
1101111111001111101100110000010000000011010101010000010010110011
0110111010011000011000001111100111001000101111001100010101110011
0011010011110001100101000000011010101100010110010111111101100111
1000101011000110110000101111101111010000101101110100000110001010
1010111110000101001011000101101100111110110011010000011001111100
1010101111000110110110000010000110101010100101100000100111000010
1101001010101010100000000111010000100000011111110100001001100110
1001101101011001000011110000110001111001111011101010110111111011
0011111101101110000111101000100010110110011010001110100011001011
1010100011000101111010110011001010001001100111000101101111100010
0110111010011100111011000000111001010101001000000001101010001101
1100000111011000110101001011101111011101100001110001110111100111
